<Trait>  mean_plant# phy init_time surface_P1 surface_P2 surface_Vm R_limbe a_length b_length c_length
1 1 1  6.8  64  0.04  1.00  -8.486  12.371  0.082
1 2 2  6.7  66  0.04  1.00  -8.486  12.371  0.082
1 3 3  39.5  139  0.40  0.86  -8.486  12.371  0.082
1 4 4.985533054  41.9  144  0.45  0.85  -8.486  12.371  0.082
1 5 32.00584749  80.3  198  0.80  0.70  -8.486  12.371  0.082
1 6 48.05955033  94.6  208  0.85  0.66  -8.486  12.371  0.082
1 7 66.07770554  125.9  217  1.10  0.66  -8.486  12.371  0.082
1 8 91.39669532  159.9  223  1.10  0.57  -8.486  12.371  0.082
1 9 109.8976936  168.0  229  1.28  0.51  -8.486  12.371  0.082
1 10 118.8234915  222.5  243  1.55  0.49  -8.486  12.371  0.082
1 11 126.0775964  226.6  234  2.13  0.46  -8.486  12.371  0.082
1 12 140.9610474  246.2  247  2.23  0.47  -8.486  12.371  0.082
2 1  1  2.5  62  0.02  0.88  0.102  0.975  0.569
2 2  2  2.9  85  0.02  0.85  0.102  0.975  0.569
2 3  10.23589781  18.9  266  0.13  0.92  -0.842  2.999  0.265
2 4  20.39192668  18.9  266  0.13  0.89  -0.289  1.952  0.386
2 5  85.58063674  41.0  423  0.20  0.72  -0.575  2.594  0.314
2 6  92.76914732  51.7  462  0.27  0.60  -1.080  3.338  0.248
2 7  98.20400494  72.0  490  0.45  0.57  -0.518  2.217  0.312
2 8  99.46352047  83.4  508  0.44  0.53  -0.703  1.220  0.409
2 9  143.6963038  96.6  514  0.50  0.44  -0.206  1.009  0.434
2 10  171.7765608  95.9  478  0.80  0.40  0.043  0.449  0.552
2  11  185.3757203  90.9  502  0.84  0.36  -0.116  0.802  0.387
2  12  238.9208727  98.5  480  0.65  0.29  -0.013  0.401  0.453


